
Count / Naive Bayes
Accuracy: 0.010194329404268876
Precision: 0.010194329404268876
Recall: 0.010194329404268876
F-measure: 0.010194329404268876


Tf-Idf / Naive Bayes
Accuracy: 0.009238611022618668
Precision: 0.009238611022618668
Recall: 0.009238611022618668
F-measure: 0.009238611022618668