
Count / Naive Bayes
Accuracy: 0.010194329404268876
Precision: 0.010194329404268876
Recall: 0.010194329404268876
F-measure: 0.010194329404268876